15902 16439
14956 15004
15610 15262
15013 16891
14345 17065
13753 17002
14449 15118
16845 16476
16361 15909
14497 16409
16991 15900
14939 15609
13703 16361
17681 16713
13964 17750
13403 15856
15212 16115
14764 16817
16005 17262
16324 16603
15405 14854
17176 15851
14448 16371
14153 17233
14368 15992
14379 15506
16359 15286
16468 15345
15926 15048
13753 16858
14980 15512
17078 14981
15520 16456
16003 16214
15260 15727
14697 18024
13187 14723
13556 16474
13976 15971
14836 14055
16579 16275
16118 15180
16604 15880
15562 17064
13631 17179
15637 15195
17929 14326
14629 15400
14299 14403
15241 14763
16213 16033
15476 16547
15809 15193
15676 16691
15452 16545
14971 15885
15171 16552
14256 14410
14831 15602
15203 16178
17473 16355
15833 17582
15852 16228
17527 15514
13829 14812
15418 16514
16462 16200
15558 15526
15264 18131
15004 14284
15947 15304
15458 17070
15417 15204
15126 15583
14401 16407
15839 14931
15482 15638
15955 15188
14875 14208
13711 16699
15404 14692
15749 16931
14476 17200
14660 14072
15461 15132
16947 16907
15835 16169
15869 14947
14783 16064
14862 15009
16271 14569
15245 16059
15929 16525
16715 14483
16938 14262
15018 16456
15805 15453
15020 15040
15365 